CollarSerialNumber,Year,Julianday,Hour,Latitude,Longitude,HDOP,NumSats,FixTime,2D/3D,Date
036092,15,313,15,+45.49604,-093.24703,02.0,05,041,3,2015-11-09
036092,15,317,17,+45.49591,-093.24748,00.9,09,041,3,2015-11-13
036092,15,317,18,+45.49586,-093.24745,00.8,10,041,3,2015-11-13
036092,15,317,21,+45.49589,-093.24751,01.1,08,041,3,2015-11-13
036092,15,317,23,+45.49580,-093.24751,00.9,09,041,3,2015-11-13
036092,15,318,07,+45.49586,-093.24755,00.9,08,041,3,2015-11-14
036092,15,321,17,+45.49580,-093.24771,00.8,11,041,3,2015-11-17
036092,15,321,19,+45.49582,-093.24774,00.8,10,041,3,2015-11-17
036092,15,321,21,+45.49587,-093.24781,01.1,08,042,3,2015-11-17
036092,15,321,22,+45.49584,-093.24768,00.8,09,041,3,2015-11-17
036092,15,321,23,+45.49580,-093.24778,00.9,08,041,3,2015-11-17
036092,15,322,00,+45.49585,-093.24778,01.1,08,041,3,2015-11-18
036092,15,322,02,+45.49580,-093.24777,00.8,09,042,3,2015-11-18
036092,15,329,16,+34.21896,-119.15491,01.4,08,041,3,2015-11-25
036092,15,329,18,+34.22626,-119.17427,00.9,09,042,3,2015-11-25
036092,15,330,06,+34.22620,-119.17427,01.1,07,041,3,2015-11-26
036092,15,330,19,+34.22622,-119.17433,00.7,10,041,3,2015-11-26
036092,15,331,07,+34.22623,-119.17427,01.1,07,042,3,2015-11-27
036092,15,331,20,+34.22620,-119.17427,00.8,08,041,3,2015-11-27
036092,15,332,08,+34.22623,-119.17427,00.7,12,041,3,2015-11-28
036092,15,332,21,+34.22621,-119.17427,01.3,08,041,3,2015-11-28
036092,15,333,09,+34.22623,-119.17427,00.8,10,041,3,2015-11-29
036092,15,333,22,+34.22624,-119.17429,00.8,09,041,3,2015-11-29
036092,15,334,10,+34.22623,-119.17425,01.1,08,042,3,2015-11-30
036092,15,334,23,+34.22614,-119.17398,00.9,09,042,3,2015-11-30
036092,15,336,00,+34.22616,-119.17421,00.9,10,041,3,2015-12-02
036092,15,344,08,+34.13899,-118.71493,01.3,05,041,3,2015-12-10
036092,15,344,21,+34.18168,-118.58261,01.0,07,041,3,2015-12-10
036092,15,345,09,+34.18126,-118.58679,01.2,08,041,3,2015-12-11
036092,15,346,23,+34.22604,-119.17414,01.1,09,041,3,2015-12-12
036092,15,350,02,+34.15984,-118.70434,00.9,08,041,3,2015-12-16
036092,16,014,02,+34.18172,-118.58288,01.0,07,041,3,2016-01-14
036092,16,014,14,+34.18604,-118.88358,01.3,07,042,3,2016-01-14
036092,16,015,03,+34.18173,-118.58265,01.0,07,041,3,2016-01-15
036092,16,015,15,+34.18053,-118.58820,00.8,10,041,3,2016-01-15
036092,16,016,04,+34.18709,-118.58271,01.0,08,041,3,2016-01-16
036092,16,016,17,+34.18706,-118.58217,00.8,09,041,3,2016-01-16
036092,16,017,05,+34.18692,-118.58218,00.7,11,041,3,2016-01-17
036092,16,017,18,+34.17966,-118.57458,01.2,07,041,3,2016-01-17
036092,16,018,06,+34.18593,-118.58456,01.3,06,042,3,2016-01-18
036092,16,019,07,+34.18336,-118.58648,01.2,09,041,3,2016-01-19
036092,16,019,20,+34.18210,-118.58133,01.2,06,041,3,2016-01-19
036092,16,020,21,+34.18317,-118.58385,01.3,08,041,3,2016-01-20
036092,16,021,22,+34.18217,-118.58605,01.5,06,041,3,2016-01-21
036092,16,022,10,+34.17700,-118.57412,01.3,07,042,3,2016-01-22
036092,16,026,02,+34.18490,-118.58626,01.0,06,041,3,2016-01-26
036092,16,028,04,+34.18508,-118.57979,01.1,07,087,3,2016-01-28
036092,16,028,17,+34.18114,-118.58840,01.4,06,041,3,2016-01-28
036092,16,029,05,+34.18590,-118.58382,01.0,08,041,3,2016-01-29
036092,16,029,18,+34.17983,-118.57498,01.4,05,058,3,2016-01-29
036092,16,030,06,+34.18153,-118.57521,00.9,10,041,3,2016-01-30
036092,16,030,19,+34.18095,-118.57679,00.8,09,057,3,2016-01-30
036092,16,031,07,+34.18300,-118.58601,00.7,11,041,3,2016-01-31
036092,16,031,20,+34.18729,-118.58631,01.0,09,042,3,2016-01-31
036092,16,033,22,+34.18620,-118.58687,01.0,08,042,3,2016-02-02
036092,16,034,10,+34.18093,-118.58847,01.5,04,041,3,2016-02-03
036092,16,034,23,+34.18104,-118.57598,01.1,06,068,3,2016-02-03
036092,16,035,11,+34.18055,-118.58816,01.1,07,041,3,2016-02-04
036092,16,036,00,+34.18814,-118.57588,02.2,04,041,3,2016-02-05
036092,16,036,12,+34.18061,-118.58816,02.0,05,041,3,2016-02-05
036092,16,037,01,+34.18455,-118.57561,01.6,05,069,3,2016-02-06
036092,16,037,13,+34.18063,-118.58820,01.8,06,041,3,2016-02-06
036092,16,039,03,+34.18394,-118.58812,01.4,06,041,3,2016-02-08
036092,16,039,15,+34.18051,-118.58820,01.2,06,042,3,2016-02-08
036092,16,039,16,+34.18032,-118.58826,01.5,06,041,3,2016-02-08
036092,16,040,04,+34.18428,-118.58219,01.3,06,042,3,2016-02-09
036092,16,040,17,+34.18128,-118.58811,02.2,04,041,3,2016-02-09
036092,16,041,05,+34.18180,-118.57502,01.1,08,041,3,2016-02-10
036092,16,041,18,+34.18017,-118.58582,01.2,06,041,3,2016-02-10
036092,16,042,06,+34.18099,-118.58191,03.5,05,049,3,2016-02-11
036092,16,042,19,+34.18016,-118.58461,01.3,06,042,3,2016-02-11
036092,16,043,07,+34.18101,-118.58818,01.0,08,041,3,2016-02-12
036092,16,043,20,+34.18290,-118.58433,01.3,07,041,3,2016-02-12
036092,16,044,08,+34.18704,-118.58216,00.9,09,041,3,2016-02-13
036092,16,044,21,+34.18299,-118.58353,00.8,10,041,3,2016-02-13
036092,16,045,09,+34.18082,-118.58802,00.8,09,041,3,2016-02-14
036092,16,045,22,+34.18290,-118.57779,01.9,04,041,3,2016-02-14
036092,16,046,23,+34.18060,-118.58809,01.7,05,063,3,2016-02-15
036092,16,047,11,+34.18050,-118.58816,01.4,06,042,3,2016-02-16
036092,16,048,00,+34.17910,-118.58694,02.2,04,065,3,2016-02-17
036092,16,048,12,+34.18080,-118.58799,01.3,06,041,3,2016-02-17
036092,16,049,01,+34.18296,-118.58499,02.5,05,041,3,2016-02-18
036092,16,049,13,+34.18049,-118.58824,01.3,06,041,3,2016-02-18
036092,16,050,02,+34.18716,-118.57899,01.1,07,041,3,2016-02-19
036092,16,052,04,+34.18170,-118.57714,00.8,09,041,3,2016-02-21
036092,16,052,17,+34.18075,-118.58807,00.9,08,041,3,2016-02-21
036092,16,053,05,+34.18723,-118.58637,00.9,09,041,3,2016-02-22
036092,16,053,18,+34.18120,-118.58801,01.2,06,041,3,2016-02-22
036092,16,054,06,+34.18218,-118.58099,01.4,06,070,3,2016-02-23
036092,16,054,19,+34.17956,-118.57834,01.1,08,041,3,2016-02-23
036092,16,055,07,+34.18061,-118.58821,01.3,07,042,3,2016-02-24
036092,16,055,20,+34.18325,-118.58325,00.9,08,041,3,2016-02-24
036092,16,056,21,+34.18016,-118.57492,01.2,05,041,3,2016-02-25
036092,16,057,09,+34.18058,-118.58834,01.2,07,041,3,2016-02-26
036092,16,057,22,+34.18248,-118.58658,01.3,06,041,3,2016-02-26
036092,16,058,10,+34.18065,-118.58803,01.7,05,041,3,2016-02-27
036092,16,058,23,+34.18078,-118.58798,01.6,05,041,3,2016-02-27
036092,16,060,00,+34.18352,-118.57878,01.9,05,058,3,2016-02-29
036092,16,061,01,+34.18091,-118.57531,01.3,06,070,3,2016-03-01
036092,16,062,02,+34.18236,-118.58483,01.2,06,041,3,2016-03-02
036092,16,062,14,+34.18107,-118.58832,01.2,06,041,3,2016-03-02
036092,16,063,03,+34.17482,-118.58557,01.0,08,041,3,2016-03-03
036092,16,064,04,+34.18695,-118.58199,01.9,06,041,3,2016-03-04
036092,16,065,05,+34.18193,-118.58078,00.8,08,087,3,2016-03-05
036092,16,065,18,+34.18223,-118.58763,01.2,08,041,3,2016-03-05
036092,16,066,06,+34.18645,-118.58759,01.4,06,041,3,2016-03-06
036092,16,066,19,+34.18006,-118.57489,01.1,06,057,3,2016-03-06
036092,16,067,20,+34.18336,-118.58389,00.8,09,041,3,2016-03-07
036092,16,068,08,+34.18069,-118.58845,01.4,06,041,3,2016-03-08
036092,16,068,21,+34.18323,-118.58839,01.2,06,041,3,2016-03-08
036092,16,069,09,+34.18064,-118.58840,01.8,04,041,3,2016-03-09
036092,16,069,22,+34.18069,-118.58805,01.2,07,041,3,2016-03-09
036092,16,070,23,+34.17963,-118.57468,01.1,07,069,3,2016-03-10
036092,16,072,00,+34.17967,-118.57466,01.3,06,099,3,2016-03-12
036092,16,072,12,+34.18104,-118.58845,01.2,07,041,3,2016-03-12
036092,16,073,01,+34.18753,-118.58035,00.8,09,063,3,2016-03-13
036092,16,073,13,+34.17386,-118.58332,03.2,04,041,3,2016-03-13
036092,16,074,02,+34.18280,-118.58326,00.8,10,041,3,2016-03-14
036092,16,075,03,+34.18200,-118.58301,00.9,10,041,3,2016-03-15
036092,16,076,04,+34.18243,-118.58416,01.2,07,057,3,2016-03-16
036092,16,076,17,+34.18096,-118.58850,02.1,04,064,3,2016-03-16
036092,16,077,05,+34.18318,-118.58824,01.3,06,041,3,2016-03-17
036092,16,077,18,+34.18017,-118.58518,01.0,08,042,3,2016-03-17
036092,16,079,20,+34.18175,-118.58086,01.2,06,041,3,2016-03-19
036092,16,080,08,+34.17975,-118.58660,01.8,05,041,3,2016-03-20
036092,16,080,21,+34.18270,-118.58652,02.0,06,041,3,2016-03-20
036092,16,081,09,+34.18074,-118.58820,01.1,07,062,3,2016-03-21
036092,16,081,22,+34.18064,-118.58828,01.0,07,041,3,2016-03-21
036092,16,082,10,+34.18103,-118.58841,00.9,08,041,3,2016-03-22
036092,16,082,23,+34.18420,-118.58347,01.1,07,041,3,2016-03-22
036092,16,084,00,+34.18046,-118.57783,01.1,07,042,3,2016-03-24
036092,16,085,01,+34.17919,-118.57891,01.0,07,057,3,2016-03-25
036092,16,085,13,+34.18096,-118.58793,01.6,05,042,3,2016-03-25
036092,16,086,02,+34.18542,-118.58699,01.4,06,041,3,2016-03-26
036092,16,086,14,+34.18105,-118.58831,01.1,07,041,3,2016-03-26
036092,16,087,03,+34.18489,-118.58794,00.9,09,041,3,2016-03-27
036092,16,087,16,+34.18076,-118.58801,00.9,09,041,3,2016-03-27
036092,16,088,17,+34.18101,-118.58845,01.2,07,041,3,2016-03-28
036092,16,089,05,+34.17935,-118.58709,01.7,07,041,3,2016-03-29
036092,16,089,18,+34.18269,-118.58593,01.1,07,041,3,2016-03-29
036092,16,090,06,+34.18093,-118.58843,01.1,07,041,3,2016-03-30
036092,16,090,19,+34.18006,-118.58261,00.9,08,041,3,2016-03-30
036092,16,091,20,+34.18265,-118.58658,01.6,06,099,3,2016-03-31
036092,16,092,08,+34.18136,-118.58721,01.6,05,041,3,2016-04-01
036092,16,092,21,+34.18582,-118.58515,00.9,08,041,3,2016-04-01
036092,16,093,22,+34.18220,-118.58620,02.1,04,041,3,2016-04-02
036092,16,094,10,+34.18756,-118.58527,01.1,07,041,3,2016-04-03
036092,16,094,23,+34.18000,-118.57659,01.5,06,041,3,2016-04-03
036092,16,096,00,+34.17403,-118.57954,01.9,06,064,3,2016-04-05
036092,16,096,12,+34.18099,-118.58843,01.4,06,041,3,2016-04-05
036092,16,097,01,+34.18593,-118.58126,01.4,06,041,3,2016-04-06
036092,16,098,02,+34.18393,-118.57657,02.9,05,093,3,2016-04-07
036092,16,099,03,+34.18214,-118.58348,00.8,10,041,3,2016-04-08
036092,16,099,15,+34.18069,-118.58648,00.9,08,041,3,2016-04-08
036092,16,099,16,+34.18063,-118.58652,01.0,08,042,3,2016-04-08
036092,16,100,04,+34.18164,-118.58385,01.1,08,041,3,2016-04-09
036092,16,100,17,+34.18082,-118.57573,01.1,07,041,3,2016-04-09
036092,16,101,05,+34.17925,-118.58111,01.1,06,070,3,2016-04-10
036092,16,103,07,+34.18309,-118.58751,00.9,09,041,3,2016-04-12
036092,16,104,08,+34.18062,-118.58503,01.1,08,041,3,2016-04-13
036092,16,104,21,+34.18217,-118.58359,00.8,09,042,3,2016-04-13
036092,16,105,22,+34.17961,-118.58456,01.1,07,041,3,2016-04-14
036092,16,106,10,+34.18076,-118.58596,00.9,08,041,3,2016-04-15
036092,16,106,23,+34.18756,-118.58181,00.8,09,041,3,2016-04-15
036092,16,107,11,+34.18072,-118.58599,01.8,06,041,3,2016-04-16
036092,16,108,00,+34.17966,-118.57932,00.7,11,041,3,2016-04-17
036092,16,108,12,+34.18033,-118.58624,02.8,04,041,3,2016-04-17
036092,16,109,01,+34.18294,-118.58380,00.9,10,041,3,2016-04-18
036092,16,110,02,+34.18132,-118.58448,00.8,10,042,3,2016-04-19
036092,16,110,14,+34.18318,-118.58839,01.1,06,041,3,2016-04-19
036092,16,111,03,+34.18207,-118.58246,02.3,04,041,3,2016-04-20
036092,16,112,17,+34.18574,-118.58779,01.5,06,041,3,2016-04-21
036092,16,113,05,+34.18421,-118.58219,01.7,04,041,3,2016-04-22
036092,16,113,18,+34.18016,-118.58580,01.2,06,041,3,2016-04-22
036092,16,114,06,+34.18013,-118.58658,01.9,06,042,3,2016-04-23
036092,16,114,19,+34.18053,-118.57912,00.8,09,041,3,2016-04-23
036092,16,115,07,+34.18067,-118.58654,01.0,08,041,3,2016-04-24
036092,16,115,20,+34.18402,-118.58213,00.9,08,041,3,2016-04-24
036092,16,116,08,+34.18297,-118.58847,01.4,06,041,3,2016-04-25
036092,16,116,21,+34.18357,-118.58580,01.1,08,042,3,2016-04-25
036092,16,117,22,+34.18409,-118.58393,01.1,08,041,3,2016-04-26
036092,16,121,01,+34.18227,-118.57352,00.9,08,063,3,2016-04-30
036092,16,121,13,+34.18554,-118.58767,01.0,07,041,3,2016-04-30
036092,16,122,02,+34.18647,-118.58142,01.5,04,042,3,2016-05-01
036092,16,122,14,+34.18561,-118.58786,01.6,05,041,3,2016-05-01
036092,16,123,15,+34.18561,-118.58759,01.3,06,042,3,2016-05-02
036092,16,124,04,+34.18382,-118.58200,01.4,07,093,3,2016-05-03
036092,16,125,18,+34.18740,-118.58374,01.6,06,064,3,2016-05-04
036092,16,127,20,+34.18719,-118.58361,01.3,06,041,3,2016-05-06
036092,16,129,22,+34.18568,-118.58328,01.3,06,041,3,2016-05-08
036092,16,130,23,+34.18696,-118.58359,01.6,05,099,3,2016-05-09
036092,16,132,00,+34.18407,-118.58061,08.8,04,041,3,2016-05-11
036092,16,133,13,+34.18692,-118.58198,01.5,06,041,3,2016-05-12
036092,16,134,02,+34.18762,-118.58061,01.1,07,066,3,2016-05-13
036092,16,134,14,+34.18398,-118.58580,00.8,10,042,3,2016-05-13
036092,16,135,03,+34.18334,-118.58759,00.8,10,041,3,2016-05-14
036092,16,135,15,+34.18350,-118.58647,01.7,05,041,3,2016-05-14
036092,16,135,16,+34.18347,-118.58648,00.9,09,041,3,2016-05-14
036092,16,136,04,+34.18473,-118.58778,00.9,10,041,3,2016-05-15
036092,16,136,17,+34.18343,-118.58653,01.2,07,042,3,2016-05-15
036092,16,137,05,+34.18424,-118.58400,00.8,11,042,3,2016-05-16
036092,16,137,18,+34.18311,-118.58625,00.9,08,041,3,2016-05-16
036092,16,138,06,+34.18786,-118.58329,00.9,09,041,3,2016-05-17
036092,16,138,19,+34.17964,-118.57519,01.1,07,093,3,2016-05-17
036092,16,139,07,+34.18764,-118.58493,00.9,08,041,3,2016-05-18
036092,16,139,20,+34.18397,-118.58218,01.9,05,041,3,2016-05-18
036092,16,140,08,+34.18759,-118.58324,00.8,10,041,3,2016-05-19
036092,16,140,21,+34.18777,-118.58316,01.2,06,042,3,2016-05-19
036092,16,141,09,+34.18267,-118.58786,01.3,07,042,3,2016-05-20
036092,16,141,22,+34.18713,-118.58292,00.7,11,041,3,2016-05-20
036092,16,142,10,+34.18346,-118.58634,01.4,06,041,3,2016-05-21
036092,16,142,23,+34.17932,-118.57918,02.4,05,041,3,2016-05-21
036092,16,144,00,+34.18446,-118.58714,00.9,08,070,3,2016-05-23
036092,16,145,13,+34.18731,-118.58271,01.3,06,041,3,2016-05-24
036092,16,146,14,+34.18346,-118.58641,00.8,09,041,3,2016-05-25
036092,16,147,03,+34.18732,-118.57707,01.0,08,041,3,2016-05-26
036092,16,147,15,+34.18004,-118.58788,01.0,07,041,3,2016-05-26
036092,16,147,16,+34.17997,-118.58793,01.3,06,041,3,2016-05-26
036092,16,148,04,+34.18420,-118.58399,00.8,11,041,3,2016-05-27
036092,16,148,17,+34.18264,-118.58538,01.0,06,062,3,2016-05-27
036092,16,149,05,+34.18627,-118.58290,01.5,06,041,3,2016-05-28
036092,16,149,18,+34.18224,-118.58279,02.1,05,041,3,2016-05-28
036092,16,150,06,+34.17992,-118.57852,00.9,09,042,3,2016-05-29
036092,16,150,19,+34.17941,-118.57558,01.8,05,064,3,2016-05-29
036092,16,151,07,+34.18351,-118.58771,00.8,09,041,3,2016-05-30
036092,16,151,20,+34.18730,-118.58292,01.1,09,041,3,2016-05-30
036092,16,152,08,+34.18790,-118.58381,00.8,09,041,3,2016-05-31
036092,16,152,21,+34.18376,-118.58339,00.9,09,041,3,2016-05-31
036092,16,153,09,+34.18607,-118.58433,00.9,09,041,3,2016-06-01
036092,16,153,22,+34.18700,-118.58694,01.8,08,041,3,2016-06-01
036092,16,154,23,+34.18730,-118.58685,01.0,08,042,3,2016-06-02
036092,16,156,00,+34.18568,-118.58328,01.0,08,041,3,2016-06-04
036092,16,156,12,+34.18000,-118.58793,01.1,08,042,3,2016-06-04
036092,16,157,13,+34.18006,-118.58799,00.9,07,041,3,2016-06-05
036092,16,158,02,+34.18552,-118.57749,04.5,04,043,3,2016-06-06
036092,16,158,14,+34.18098,-118.58572,01.3,06,041,3,2016-06-06
036092,16,159,03,+34.18818,-118.58465,00.9,09,041,3,2016-06-07
036092,16,160,04,+34.18756,-118.58382,00.8,10,041,3,2016-06-08
036092,16,160,17,+34.18074,-118.58572,01.3,06,041,3,2016-06-08
036092,16,161,05,+34.18556,-118.58366,02.6,04,041,3,2016-06-09
036092,16,161,18,+34.18723,-118.58502,01.0,08,041,3,2016-06-09
036092,16,162,06,+34.18019,-118.58326,02.9,04,057,3,2016-06-10
036092,16,162,19,+34.18378,-118.58286,01.4,08,041,3,2016-06-10
036092,16,163,07,+34.18774,-118.58477,01.0,07,041,3,2016-06-11
036092,16,163,20,+34.18054,-118.57758,00.8,10,041,3,2016-06-11
036092,16,164,21,+34.18724,-118.58679,01.3,06,042,3,2016-06-12
036092,16,165,09,+34.18026,-118.58786,01.0,08,041,3,2016-06-13
036092,16,165,22,+34.18542,-118.58141,01.2,06,063,3,2016-06-13
036092,16,166,10,+34.18734,-118.58587,00.7,10,041,3,2016-06-14
036092,16,166,23,+34.18353,-118.58769,01.0,08,041,3,2016-06-14
036092,16,167,11,+34.18037,-118.58782,01.1,07,042,3,2016-06-15
036092,16,168,00,+34.18599,-118.58340,00.8,10,041,3,2016-06-16
036092,16,168,12,+34.18007,-118.58788,00.7,10,041,3,2016-06-16
036092,16,169,13,+34.18054,-118.58763,01.0,08,041,3,2016-06-17
036092,16,170,02,+34.18013,-118.58686,01.4,06,063,3,2016-06-18
036092,16,170,14,+34.17995,-118.58782,01.3,06,041,3,2016-06-18
036092,16,171,03,+34.18317,-118.58572,00.9,10,056,3,2016-06-19
036092,16,171,15,+34.18091,-118.58555,01.4,06,041,3,2016-06-19
036092,16,171,16,+34.18093,-118.58561,01.6,07,041,3,2016-06-19
036092,16,172,04,+34.18486,-118.57937,03.1,04,041,3,2016-06-20
036092,16,172,17,+34.18076,-118.58672,01.3,06,041,3,2016-06-20
036092,16,173,05,+34.18076,-118.58712,01.1,07,042,3,2016-06-21
036092,16,173,18,+34.18193,-118.58321,01.6,06,069,3,2016-06-21
036092,16,174,19,+34.17987,-118.57521,01.0,08,042,3,2016-06-22
036092,16,175,07,+34.18009,-118.58531,01.1,06,041,3,2016-06-23
036092,16,175,20,+34.18007,-118.58321,01.2,07,062,3,2016-06-23
036092,16,176,08,+34.18112,-118.58734,01.5,05,041,3,2016-06-24
036092,16,176,21,+34.18222,-118.58349,01.4,08,057,3,2016-06-24
036092,16,177,22,+34.18299,-118.58507,01.3,06,041,3,2016-06-25
036092,16,178,23,+34.18746,-118.58031,01.3,07,041,3,2016-06-26
036092,16,179,11,+34.18006,-118.58802,01.4,07,041,3,2016-06-27
036092,16,180,00,+34.18674,-118.57588,01.1,08,041,3,2016-06-28
036092,16,181,13,+34.18142,-118.58737,01.4,04,041,3,2016-06-29
036092,16,182,02,+34.18387,-118.57239,01.0,08,057,3,2016-06-30
036092,16,182,14,+34.17983,-118.58786,01.2,07,041,3,2016-06-30
036092,16,183,03,+34.18707,-118.58023,01.6,05,063,3,2016-07-01
036092,16,183,15,+34.17982,-118.58784,00.8,09,041,3,2016-07-01
036092,16,183,16,+34.17977,-118.58792,01.3,06,041,3,2016-07-01
036092,16,184,04,+34.18386,-118.58679,00.9,08,042,3,2016-07-02
036092,16,184,17,+34.18249,-118.58596,01.0,09,069,3,2016-07-02
036092,16,185,05,+34.18058,-118.58107,01.3,06,041,3,2016-07-03
036092,16,185,18,+34.18391,-118.58541,00.9,09,042,3,2016-07-03
036092,16,186,06,+34.18103,-118.57201,01.3,07,041,3,2016-07-04
036092,16,186,19,+34.17964,-118.57540,01.3,06,069,3,2016-07-04
036092,16,187,07,+34.18276,-118.58771,01.1,07,041,3,2016-07-05
036092,16,187,20,+34.18004,-118.57546,09.8,04,047,3,2016-07-05
036092,16,188,21,+34.18245,-118.58611,01.2,07,041,3,2016-07-06
036092,16,189,09,+34.18132,-118.58719,00.8,09,041,3,2016-07-07
036092,16,189,22,+34.18319,-118.58584,01.0,08,041,3,2016-07-07
036092,16,190,10,+34.18033,-118.58847,01.6,05,041,3,2016-07-08
036092,16,190,23,+34.18156,-118.57585,04.4,04,045,3,2016-07-08
036092,16,191,11,+34.18566,-118.58418,00.9,08,041,3,2016-07-09
036092,16,192,00,+34.18313,-118.58361,00.9,10,041,3,2016-07-10
036092,16,193,01,+34.18002,-118.58839,01.5,06,041,3,2016-07-11
036092,16,194,02,+34.18318,-118.57825,01.0,08,057,3,2016-07-12
036092,16,194,14,+34.18089,-118.57557,00.9,08,041,3,2016-07-12
036092,16,195,03,+34.18370,-118.58200,00.9,08,041,3,2016-07-13
036092,16,195,15,+34.17990,-118.57514,01.4,06,041,3,2016-07-13
036092,16,195,16,+34.17976,-118.57502,01.1,07,041,3,2016-07-13
036092,16,196,04,+34.18076,-118.57585,00.8,09,041,3,2016-07-14
036092,16,196,17,+34.17987,-118.57523,00.8,09,041,3,2016-07-14
036092,16,197,05,+34.18086,-118.58168,01.0,08,064,3,2016-07-15
036092,16,197,18,+34.18344,-118.58193,01.2,06,041,3,2016-07-15
036092,16,198,06,+34.18090,-118.58181,00.9,09,041,3,2016-07-16
036092,16,198,19,+34.18325,-118.58142,01.3,06,063,3,2016-07-16
036092,16,199,07,+34.18709,-118.58528,01.0,07,042,3,2016-07-17
036092,16,199,20,+34.18007,-118.57487,01.0,08,068,3,2016-07-17
036092,16,200,08,+34.18717,-118.58542,00.7,10,042,3,2016-07-18
036092,16,200,21,+34.18248,-118.58471,01.4,06,041,3,2016-07-18
036092,16,201,22,+34.18376,-118.58541,00.8,10,042,3,2016-07-19
036092,16,202,10,+34.18109,-118.58733,00.8,09,041,3,2016-07-20
036092,16,202,23,+34.18154,-118.58292,01.3,07,063,3,2016-07-20
036092,16,204,00,+34.18424,-118.58199,01.4,07,041,3,2016-07-22
036092,16,205,01,+34.18379,-118.58238,00.8,11,041,3,2016-07-23
036092,16,205,13,+34.18363,-118.58349,01.2,07,042,3,2016-07-23
036092,16,206,02,+34.17936,-118.58328,01.4,07,070,3,2016-07-24
036092,16,206,06,+34.17960,-118.57361,01.4,06,120,3,2016-07-24
036092,16,206,14,+34.18006,-118.58786,01.7,06,041,3,2016-07-24
036092,16,207,16,+34.18361,-118.58347,00.8,10,041,3,2016-07-25
036092,16,208,04,+34.18018,-118.57746,01.4,05,042,3,2016-07-26
036092,16,208,17,+34.18361,-118.58347,00.8,10,041,3,2016-07-26
036092,16,209,05,+34.18008,-118.58801,01.4,06,063,3,2016-07-27
036092,16,209,18,+34.18702,-118.58246,01.0,08,041,3,2016-07-27
036092,16,210,06,+34.17972,-118.57525,01.1,07,041,3,2016-07-28
036092,16,210,19,+34.17966,-118.57510,01.0,07,041,3,2016-07-28
036092,16,211,07,+34.17975,-118.58615,01.0,08,041,3,2016-07-29
036092,16,211,20,+34.18014,-118.57981,01.2,06,042,3,2016-07-29
036092,16,212,21,+34.18246,-118.58602,01.3,07,041,3,2016-07-30
036092,16,213,09,+34.18709,-118.58254,01.2,07,041,3,2016-07-31
036092,16,213,22,+34.18265,-118.58322,01.0,08,041,3,2016-07-31
036092,16,214,10,+34.17974,-118.57520,01.1,07,041,3,2016-08-01
036092,16,214,23,+34.18478,-118.58156,01.7,05,042,3,2016-08-01
036092,16,215,11,+34.18007,-118.58412,01.4,05,041,3,2016-08-02
036092,16,216,00,+34.18103,-118.57754,02.0,04,041,3,2016-08-03
036092,16,216,12,+34.17999,-118.58792,00.9,08,041,3,2016-08-03
036092,16,217,01,+34.18086,-118.57151,01.2,06,041,3,2016-08-04
036092,16,217,13,+34.17943,-118.58624,01.6,04,041,3,2016-08-04
036092,16,218,02,+34.18099,-118.57559,00.9,09,042,3,2016-08-05
036092,16,219,03,+34.18017,-118.57548,01.2,06,041,3,2016-08-06
036092,16,219,15,+34.18013,-118.58412,01.2,06,042,3,2016-08-06
036092,16,219,16,+34.18011,-118.58399,00.9,08,041,3,2016-08-06
036092,16,220,04,+34.18677,-118.58699,00.8,09,041,3,2016-08-07
036092,16,220,17,+34.18294,-118.58328,00.9,10,041,3,2016-08-07
036092,16,221,05,+34.18010,-118.57977,01.0,08,042,3,2016-08-08
036092,16,221,18,+34.18281,-118.58339,00.9,09,041,3,2016-08-08
036092,16,222,06,+34.18407,-118.58532,00.9,09,041,3,2016-08-09
036092,16,222,19,+34.17955,-118.57451,01.5,05,047,3,2016-08-09
036092,16,223,07,+34.17987,-118.58515,00.9,09,041,3,2016-08-10
036092,16,223,20,+34.18367,-118.58277,01.2,07,041,3,2016-08-10
036092,16,224,21,+34.18249,-118.58620,03.6,06,041,3,2016-08-11
036092,16,225,09,+34.18143,-118.58732,00.9,09,041,3,2016-08-12
036092,16,226,23,+34.18807,-118.58000,01.1,07,041,3,2016-08-13
036092,16,228,12,+34.18008,-118.58412,00.9,08,041,3,2016-08-15
036092,16,229,13,+34.17927,-118.58596,01.5,05,065,3,2016-08-16
036092,16,230,02,+34.18666,-118.58779,01.1,07,041,3,2016-08-17
036092,16,231,03,+34.18256,-118.58488,00.9,08,041,3,2016-08-18
036092,16,232,04,+34.17395,-118.58454,00.9,08,057,3,2016-08-19
036092,16,232,17,+34.17411,-118.57928,01.7,05,041,3,2016-08-19
036092,16,233,05,+34.18008,-118.58229,01.4,05,089,3,2016-08-20
036092,16,233,18,+34.18696,-118.58251,01.5,05,041,3,2016-08-20
036092,16,234,06,+34.17994,-118.57743,00.9,08,041,3,2016-08-21
036092,16,234,19,+34.18001,-118.57485,01.1,07,041,3,2016-08-21
036092,16,235,07,+34.18070,-118.57504,00.9,08,041,3,2016-08-22
036092,16,235,20,+34.18388,-118.58339,01.3,06,042,3,2016-08-22
036092,16,236,08,+34.17979,-118.58522,00.8,09,041,3,2016-08-23
036092,16,236,21,+34.18057,-118.58737,01.4,06,057,3,2016-08-23
036092,16,237,22,+34.18423,-118.58187,01.5,06,041,3,2016-08-24
036092,16,238,23,+34.18318,-118.58408,00.8,10,041,3,2016-08-25
036092,16,240,12,+34.18004,-118.58784,00.9,08,041,3,2016-08-27
036092,16,241,01,+34.18222,-118.57428,02.2,04,070,3,2016-08-28
036092,16,241,13,+34.18126,-118.58840,01.4,05,041,3,2016-08-28
036092,16,243,03,+34.18260,-118.58551,01.3,06,041,3,2016-08-30
036092,16,243,16,+34.17960,-118.57566,01.1,07,041,3,2016-08-30
036092,16,244,04,+34.17870,-118.58147,04.2,04,069,3,2016-08-31
036092,16,244,17,+34.18286,-118.58338,01.3,07,041,3,2016-08-31
036092,16,245,05,+34.17923,-118.57899,01.8,04,041,3,2016-09-01
036092,16,245,18,+34.17981,-118.57559,01.0,08,041,3,2016-09-01
036092,16,246,06,+34.17987,-118.57527,01.0,08,042,3,2016-09-02
036092,16,246,19,+34.17999,-118.57489,01.1,07,063,3,2016-09-02
036092,16,247,07,+34.17246,-118.57842,01.6,05,042,3,2016-09-03
036092,16,247,20,+34.18297,-118.58733,01.3,08,041,3,2016-09-03
036092,16,248,08,+34.18703,-118.58251,01.7,05,041,3,2016-09-04
036092,16,248,21,+34.18395,-118.58818,01.4,07,041,3,2016-09-04
036092,16,249,09,+34.18705,-118.58251,01.4,06,041,3,2016-09-05
036092,16,249,22,+34.18570,-118.58686,01.6,06,088,3,2016-09-05
036092,16,250,10,+34.17419,-118.57871,01.7,04,070,3,2016-09-06
036092,16,250,23,+34.18730,-118.57865,01.1,07,041,3,2016-09-06
036092,16,251,11,+34.18096,-118.58834,01.8,05,042,3,2016-09-07
036092,16,252,00,+34.18719,-118.58306,01.1,07,041,3,2016-09-08
036092,16,253,01,+34.18754,-118.57645,02.2,05,041,3,2016-09-09
036092,16,254,14,+34.18006,-118.58784,00.9,09,041,3,2016-09-10
036092,16,255,03,+34.18259,-118.58509,01.0,08,041,3,2016-09-11
036092,16,255,15,+34.17386,-118.58297,00.8,10,041,3,2016-09-11
036092,16,256,17,+34.18110,-118.58673,01.3,06,041,3,2016-09-12
036092,16,257,05,+34.18250,-118.58366,01.3,06,042,3,2016-09-13
036092,16,257,18,+34.18058,-118.58507,00.8,09,041,3,2016-09-13
036092,16,258,06,+34.18704,-118.58260,01.1,07,042,3,2016-09-14
036092,16,259,07,+34.17924,-118.58518,01.9,04,057,3,2016-09-15
036092,16,259,20,+34.17966,-118.57533,01.7,06,057,3,2016-09-15
036092,16,260,08,+34.17996,-118.58612,01.4,05,041,3,2016-09-16
036092,16,260,21,+34.18426,-118.58399,00.9,09,041,3,2016-09-16
036092,16,261,09,+34.18000,-118.58789,00.8,09,041,3,2016-09-17
036092,16,261,22,+34.18372,-118.58254,00.7,11,041,3,2016-09-17
036092,16,262,23,+34.18234,-118.57926,01.1,07,041,3,2016-09-18
036092,16,263,11,+34.17946,-118.58631,01.3,06,042,3,2016-09-19
036092,16,264,00,+34.18766,-118.58049,00.8,10,041,3,2016-09-20
036092,16,264,12,+34.18113,-118.58841,02.3,05,041,3,2016-09-20
036092,16,265,01,+34.18462,-118.58602,02.3,05,100,3,2016-09-21
036092,16,266,02,+34.18241,-118.57703,01.6,04,042,3,2016-09-22
036092,16,267,03,+34.18769,-118.57740,00.9,08,041,3,2016-09-23
036092,16,268,04,+34.18687,-118.58395,00.9,09,041,3,2016-09-24
036092,16,268,17,+34.18701,-118.58193,00.9,08,041,3,2016-09-24
036092,16,269,05,+34.18218,-118.57920,01.8,06,041,3,2016-09-25
036092,16,269,18,+34.18220,-118.58320,00.8,10,041,3,2016-09-25
036092,16,270,06,+34.18037,-118.57665,01.6,05,041,3,2016-09-26
036092,16,270,19,+34.17964,-118.57817,01.6,05,042,3,2016-09-26
036092,16,271,07,+34.18127,-118.58840,01.2,06,042,3,2016-09-27
036092,16,271,20,+34.18328,-118.58345,00.7,11,041,3,2016-09-27
036092,16,272,21,+34.18229,-118.58420,01.4,06,041,3,2016-09-28
036092,16,273,09,+34.18103,-118.58832,01.4,05,042,3,2016-09-29
036092,16,273,22,+34.18349,-118.58322,01.0,08,041,3,2016-09-29
036092,16,274,23,+34.18706,-118.58008,01.1,07,069,3,2016-09-30
036092,16,276,00,+34.18227,-118.57897,02.0,05,042,3,2016-10-02
036092,16,277,01,+34.18426,-118.57487,01.4,05,070,3,2016-10-03
036092,16,277,13,+34.17996,-118.58824,01.0,08,041,3,2016-10-03
036092,16,278,02,+34.17242,-118.57459,03.7,04,069,3,2016-10-04
036092,16,278,14,+34.18709,-118.58218,00.8,09,041,3,2016-10-04
036092,16,279,03,+34.17948,-118.57439,01.1,07,093,3,2016-10-05
036092,16,279,16,+34.18103,-118.58831,01.4,06,041,3,2016-10-05
036092,16,280,04,+34.18466,-118.58374,01.1,08,063,3,2016-10-06
036092,16,280,17,+34.18704,-118.58218,00.8,10,041,3,2016-10-06
036092,16,281,05,+34.17940,-118.58358,00.8,09,041,3,2016-10-07
036092,16,281,18,+34.18103,-118.57941,01.3,08,041,3,2016-10-07
036092,16,282,19,+34.17977,-118.57474,04.3,04,041,3,2016-10-08
036092,16,283,07,+34.17187,-118.57960,01.9,05,041,3,2016-10-09
036092,16,283,20,+34.17222,-118.57962,01.4,06,041,3,2016-10-09
036092,16,284,08,+34.17982,-118.58521,00.9,08,041,3,2016-10-10
036092,16,284,21,+34.18320,-118.58332,00.8,10,042,3,2016-10-10
036092,16,285,09,+34.17990,-118.58515,01.3,06,041,3,2016-10-11
036092,16,285,22,+34.18559,-118.58544,01.8,04,041,3,2016-10-11
036092,16,286,10,+34.18039,-118.58830,01.2,06,041,3,2016-10-12
036092,16,286,23,+34.18579,-118.58628,01.0,08,062,3,2016-10-12
036092,16,287,11,+34.17987,-118.58518,00.9,08,042,3,2016-10-13
036092,16,288,00,+34.18680,-118.58473,01.3,06,041,3,2016-10-14
036092,16,288,12,+34.17982,-118.58492,00.9,08,041,3,2016-10-14
036092,16,289,01,+34.18104,-118.57205,01.5,05,058,3,2016-10-15
036092,16,290,14,+34.17997,-118.58513,01.9,07,041,3,2016-10-16
036092,16,291,03,+34.18491,-118.57909,02.9,04,064,3,2016-10-17
036092,16,291,15,+34.18010,-118.58547,01.4,07,041,3,2016-10-17
036092,16,291,16,+34.18011,-118.58551,00.8,09,042,3,2016-10-17
036092,16,292,04,+34.18742,-118.58638,00.8,10,041,3,2016-10-18
036092,16,292,17,+34.18085,-118.58568,00.9,11,041,3,2016-10-18
036092,16,293,05,+34.18373,-118.58267,01.1,07,041,3,2016-10-19
036092,16,293,18,+34.18144,-118.58245,02.0,05,041,3,2016-10-19
036092,16,294,06,+34.18130,-118.58672,01.6,05,041,3,2016-10-20
036092,16,294,19,+34.18098,-118.58279,01.1,07,041,3,2016-10-20
036092,16,295,07,+34.18018,-118.58527,00.9,08,042,3,2016-10-21
036092,16,295,20,+34.18350,-118.58345,00.8,10,041,3,2016-10-21
036092,16,296,21,+34.18097,-118.57636,00.8,10,042,3,2016-10-22
036092,16,297,22,+34.18271,-118.58454,00.8,09,041,3,2016-10-23
036092,16,298,10,+34.18080,-118.58798,01.3,06,041,3,2016-10-24
036092,16,300,00,+34.18263,-118.57418,01.4,07,041,3,2016-10-26
036092,16,300,12,+34.18133,-118.58817,00.9,09,041,3,2016-10-26
036092,16,301,01,+34.18129,-118.58007,00.9,09,041,3,2016-10-27
036092,16,302,02,+34.18225,-118.57201,01.5,06,042,3,2016-10-28
036092,16,302,14,+34.18067,-118.58812,01.4,05,041,3,2016-10-28
036092,16,303,15,+34.18008,-118.57300,02.2,04,063,3,2016-10-29
036092,16,304,04,+34.18248,-118.57426,01.2,06,063,3,2016-10-30
036092,16,306,06,+34.18706,-118.58218,00.8,09,041,3,2016-11-01
036092,16,306,19,+34.18009,-118.57506,01.6,06,042,3,2016-11-01
036092,16,307,20,+34.18215,-118.58068,01.1,07,042,3,2016-11-02
036092,16,308,08,+34.18135,-118.58811,01.0,08,041,3,2016-11-03
036092,16,308,21,+34.18151,-118.57421,01.0,08,041,3,2016-11-03
036092,16,309,09,+34.18086,-118.58807,01.5,07,041,3,2016-11-04
036092,16,309,22,+34.17916,-118.58874,04.7,04,041,3,2016-11-04
036092,16,310,23,+34.18388,-118.58454,01.8,04,041,3,2016-11-05
036092,16,311,11,+34.18699,-118.58200,00.9,10,041,3,2016-11-06
036092,16,312,00,+34.18471,-118.57908,01.0,07,064,3,2016-11-07
036092,16,312,12,+34.18706,-118.58195,01.2,08,041,3,2016-11-07
036092,16,313,01,+34.18413,-118.58500,00.9,09,042,3,2016-11-08
036092,16,314,02,+34.18198,-118.57398,01.1,07,068,3,2016-11-09
036092,16,314,14,+34.18702,-118.58246,01.0,08,041,3,2016-11-09
036092,16,315,03,+34.18354,-118.58332,01.0,07,041,3,2016-11-10
036092,16,315,15,+34.18086,-118.58820,01.0,08,041,3,2016-11-10
036092,16,315,16,+34.18091,-118.58782,01.1,09,041,3,2016-11-10
036092,16,316,04,+34.18284,-118.58361,01.3,06,042,3,2016-11-11
036092,16,316,17,+34.18295,-118.58236,00.8,11,041,3,2016-11-11
036092,16,317,05,+34.18673,-118.58818,01.3,06,042,3,2016-11-12
036092,16,317,18,+34.18098,-118.58181,00.8,10,041,3,2016-11-12
036092,16,318,06,+34.18371,-118.58738,03.2,04,042,3,2016-11-13
036092,16,318,19,+34.18288,-118.58338,01.1,07,041,3,2016-11-13
036092,16,319,07,+34.18398,-118.58412,01.1,07,041,3,2016-11-14
036092,16,319,20,+34.18412,-118.58332,01.7,06,041,3,2016-11-14
036092,16,320,08,+34.18706,-118.58221,01.1,07,041,3,2016-11-15
036092,16,320,21,+34.18736,-118.58615,00.7,10,041,3,2016-11-15
036092,16,321,22,+34.18722,-118.58187,01.8,05,042,3,2016-11-16
036092,16,322,23,+34.18307,-118.58820,03.3,04,042,3,2016-11-17
036092,16,324,00,+34.17953,-118.57510,01.2,07,064,3,2016-11-19
036092,16,324,12,+34.18073,-118.58839,01.5,05,041,3,2016-11-19
036092,16,325,01,+34.18332,-118.58345,00.8,10,042,3,2016-11-20
036092,16,326,02,+34.18114,-118.57466,00.9,09,042,3,2016-11-21
036092,16,326,14,+34.18067,-118.58839,01.1,07,041,3,2016-11-21
036092,16,327,15,+34.18065,-118.58837,01.1,09,041,3,2016-11-22
036092,16,327,16,+34.18071,-118.58840,01.5,07,041,3,2016-11-22
036092,16,328,04,+34.18383,-118.58763,00.9,08,041,3,2016-11-23
036092,16,328,17,+34.18126,-118.58142,01.7,05,042,3,2016-11-23
036092,16,329,05,+34.18468,-118.58708,02.0,04,042,3,2016-11-24
036092,16,329,18,+34.17981,-118.57530,01.4,06,042,3,2016-11-24
036092,16,330,06,+34.18199,-118.58301,01.5,06,099,3,2016-11-25
036092,16,330,19,+34.18387,-118.58296,01.4,05,063,3,2016-11-25
036092,16,331,07,+34.18072,-118.58839,01.1,08,041,3,2016-11-26
036092,16,331,20,+34.18216,-118.58118,00.9,08,041,3,2016-11-26
036092,16,332,08,+34.18072,-118.58834,01.1,08,041,3,2016-11-27
036092,16,332,21,+34.18173,-118.57313,01.1,07,092,3,2016-11-27
036092,16,333,09,+34.18071,-118.58834,01.0,09,041,3,2016-11-28
036092,16,333,22,+34.18374,-118.58348,00.8,09,041,3,2016-11-28
036092,16,334,10,+34.18074,-118.58820,01.0,08,041,3,2016-11-29
036092,16,334,23,+34.18352,-118.58348,00.9,09,068,3,2016-11-29
036092,16,335,11,+34.18014,-118.58815,01.2,07,041,3,2016-11-30
036092,16,336,00,+34.18420,-118.58302,00.9,09,041,3,2016-12-01
036092,16,336,12,+34.18071,-118.58841,01.0,06,042,3,2016-12-01
036092,16,337,01,+34.18778,-118.58137,00.8,10,041,3,2016-12-02
036092,16,337,13,+34.18036,-118.58817,01.0,08,042,3,2016-12-02
036092,16,338,02,+34.18752,-118.57983,01.8,04,041,3,2016-12-03
036092,16,338,14,+34.18053,-118.58820,01.8,06,042,3,2016-12-03
036092,16,339,03,+34.18376,-118.58354,00.9,08,041,3,2016-12-04
036092,16,339,15,+34.18710,-118.58227,01.0,10,041,3,2016-12-04
036092,16,339,16,+34.18713,-118.58229,00.9,09,041,3,2016-12-04
036092,16,340,04,+34.18266,-118.57815,00.8,09,042,3,2016-12-05
036092,16,340,17,+34.18131,-118.58549,00.9,09,041,3,2016-12-05
036092,16,341,05,+34.18250,-118.58493,03.1,04,069,3,2016-12-06
036092,16,342,06,+34.18565,-118.58625,01.0,08,117,3,2016-12-07
036092,16,342,19,+34.18037,-118.58498,01.1,07,041,3,2016-12-07
036092,16,343,07,+34.18069,-118.58834,00.9,08,041,3,2016-12-08
036092,16,343,20,+34.18210,-118.58240,01.4,06,063,3,2016-12-08
036092,16,344,08,+34.18053,-118.58815,01.1,08,041,3,2016-12-09
036092,16,344,21,+34.18353,-118.58361,00.7,10,041,3,2016-12-09
036092,16,345,22,+34.18212,-118.57997,01.4,06,041,3,2016-12-10
036092,16,346,23,+34.18680,-118.58219,01.0,09,041,3,2016-12-11
036092,16,348,00,+34.17323,-118.57833,01.5,06,041,3,2016-12-13
036092,16,348,12,+34.18065,-118.58683,01.0,07,042,3,2016-12-13
036092,16,349,01,+34.18738,-118.57836,01.4,05,042,3,2016-12-14
036092,16,350,02,+34.18558,-118.58328,01.4,06,041,3,2016-12-15
036092,16,350,14,+34.18039,-118.58812,01.8,06,042,3,2016-12-15
036092,16,351,03,+34.18376,-118.58345,02.1,06,041,3,2016-12-16
036092,16,351,15,+34.18098,-118.58782,00.9,09,042,3,2016-12-16
036092,16,351,16,+34.18096,-118.58786,01.1,08,041,3,2016-12-16
036092,16,352,04,+34.18409,-118.58393,00.7,10,041,3,2016-12-17
036092,16,352,17,+34.18299,-118.58311,01.2,06,041,3,2016-12-17
036092,16,353,05,+34.18708,-118.58221,01.1,07,042,3,2016-12-18
036092,16,353,18,+34.17963,-118.57505,02.0,06,070,3,2016-12-18
036092,16,354,06,+34.18709,-118.58206,00.7,11,041,3,2016-12-19
036092,16,354,19,+34.18393,-118.58214,01.1,06,041,3,2016-12-19
036092,16,355,07,+34.18713,-118.58227,00.8,10,041,3,2016-12-20
036092,16,355,20,+34.18105,-118.58180,00.9,08,042,3,2016-12-20
036092,16,356,08,+34.18049,-118.58818,02.4,04,041,3,2016-12-21
036092,16,356,21,+34.18204,-118.58628,01.3,06,069,3,2016-12-21
036092,16,357,22,+34.18206,-118.58315,01.1,07,087,3,2016-12-22
036092,16,358,10,+34.18051,-118.58815,01.5,05,041,3,2016-12-23
036092,16,358,23,+34.18414,-118.58316,01.0,08,042,3,2016-12-23
036092,16,360,00,+34.18709,-118.57405,02.6,04,041,3,2016-12-25
036092,16,360,12,+34.18013,-118.58821,01.2,07,041,3,2016-12-25
036092,16,361,01,+34.18549,-118.58294,01.1,07,041,3,2016-12-26
036092,16,361,13,+34.18029,-118.58812,01.2,08,042,3,2016-12-26
036092,16,362,02,+34.18393,-118.57573,02.6,04,057,3,2016-12-27
036092,16,362,14,+34.18051,-118.58821,01.6,06,042,3,2016-12-27
036092,16,363,03,+34.18388,-118.57632,01.5,05,041,3,2016-12-28
036092,16,363,15,+34.18088,-118.58805,03.0,05,041,3,2016-12-28
036092,16,363,16,+34.18077,-118.58807,01.0,08,041,3,2016-12-28
036092,16,364,04,+34.18442,-118.57798,02.0,04,041,3,2016-12-29
036092,16,364,17,+34.18304,-118.58473,01.1,07,069,3,2016-12-29
036092,16,365,05,+34.18266,-118.58221,01.3,06,041,3,2016-12-30
036092,16,365,18,+34.18339,-118.57855,01.3,07,042,3,2016-12-30
036092,16,366,06,+34.18407,-118.58387,00.8,10,041,3,2016-12-31
036092,17,001,13,+34.18032,-118.58816,02.0,06,041,3,2017-01-01
036092,17,002,02,+34.18450,-118.58446,01.2,06,041,3,2017-01-02
036092,17,002,14,+34.18015,-118.58816,00.9,09,041,3,2017-01-02
036092,17,003,03,+34.18355,-118.58347,00.8,09,041,3,2017-01-03
036092,17,004,04,+34.18706,-118.58195,01.0,08,041,3,2017-01-04
036092,17,004,17,+34.18286,-118.58427,00.9,09,041,3,2017-01-04
036092,17,005,05,+34.18734,-118.57951,01.0,07,041,3,2017-01-05
036092,17,005,18,+34.18051,-118.57515,01.5,06,041,3,2017-01-05
036092,17,006,06,+34.18311,-118.58300,01.1,08,041,3,2017-01-06
036092,17,006,19,+34.18345,-118.58340,01.1,06,068,3,2017-01-06
036092,17,007,07,+34.18006,-118.58298,00.9,09,041,3,2017-01-07
036092,17,007,20,+34.18223,-118.58237,02.3,05,041,3,2017-01-07
036092,17,008,08,+34.18073,-118.58845,01.1,07,042,3,2017-01-08
036092,17,008,21,+34.18223,-118.58059,01.3,06,041,3,2017-01-08
036092,17,009,22,+34.18448,-118.58751,01.1,07,041,3,2017-01-09
036092,17,010,10,+34.18074,-118.58845,01.6,06,041,3,2017-01-10
036092,17,012,00,+34.18302,-118.57798,01.5,05,041,3,2017-01-12
036092,17,013,01,+34.18306,-118.57546,03.4,04,118,3,2017-01-13
036092,17,013,13,+34.18076,-118.58839,04.9,05,041,3,2017-01-13
036092,17,014,02,+34.18036,-118.58812,01.3,06,057,3,2017-01-14
036092,17,014,14,+34.18056,-118.58815,00.9,09,041,3,2017-01-14
036092,17,015,03,+34.18422,-118.57221,01.9,05,042,3,2017-01-15
036092,17,015,15,+34.17999,-118.58816,00.9,08,041,3,2017-01-15
036092,17,015,16,+34.18010,-118.58812,00.8,10,041,3,2017-01-15
036092,17,016,04,+34.18172,-118.58812,01.2,06,041,3,2017-01-16
036092,17,016,17,+34.18400,-118.58370,00.9,08,042,3,2017-01-16
036092,17,017,05,+34.18386,-118.58393,00.8,10,041,3,2017-01-17
036092,17,017,18,+34.18186,-118.58795,01.4,05,041,3,2017-01-17
036092,17,018,19,+34.16801,-118.61267,01.0,06,041,3,2017-01-18
036092,17,021,22,+34.16738,-118.61271,01.1,08,041,3,2017-01-21
036092,17,022,23,+34.16775,-118.61181,01.3,06,041,3,2017-01-22
